10097161
10097157
10097151
10097125
10097101
10096589
10095275
10095247
10095239
10095221
10095127
10094927
10094923
10094919
10094889
10094869
10094729
10094439
10094281
10094261
10094183
10094181
10094121
10093967
10093965
10092303
10092289
10091511
10091469
10091449
10091447
10090839
10090803
10090799
10090231
10090227
10090225
10090221
10090221
10090195
10090191
10090155
10090139
10090131
10090127
10090125
10090123
10090123
10090123
10090121
10090113
10090111
10090097
10090095
10090093
10090091
10090087
10090081
10090079
10090077
10090073
10090069
10090063
10090037
10090027
10090013
10090005
10090001
10089861
10089741
10089463
10089137
10089133
10089087
10089085
10089077
10089075
10089073
10089071
10089067
10088543
10088531
10083081
10082739
10082731
10082725
10082717
10082699
10082695
10081657
10081653
10081649
10081629
10081627
10081619
10081617
10081615
10080733
10080727
10078489
10078485
10078469
10078467
10078463
10077575
10077559
10077315
10076857
10074243
10074243
10073019
10072913
10072863
10072663
10070509
10070257
10070253
10070253
10070191
10070183
10069387
10069207
10069183
10069173
10069131
10069117
10068975
10068525
10057993
10052771
10051977
10051973
10051527
10051485
10051295
10051133
10050619
10050613
10050605
10050577
10050223
10050167
10050157
10049457
10049451
10049429
10049413
10049399
10049387
10049177
10049003
10048993
10048939
10048929
10048913
10048569
10048405
10047911
10047051
10047019
10045969
10045947
10045911
10045905
10045875
10043219
10041801
10041795
10041789
10041779
10041775
10041759
10041527
10041525
10041523
10041475
10041419
10041419
10041419
10041419
10041419
10041419
10041419
10041419
10041215
10041215
10041215
10041215
10039885
10037425
10037423
10017707
10017703
10017699
10017695
10017691
10017687
10017659
10017253
10016811
10016801
10016183
10015395
10015381
10015029
10015009
10014709
10014577
10014571
10014543
10014539
10014535
10014531
10014477
10014431
10014385
10014383
10014381
10014379
10014375
10014361
10014337
10014335
10014333
10014329
10014327
10014311
10014291
10014217
10014157
10014129
10014113
10014109
10014089
10014087
10014085
10014081
10014077
10014019
10013991
10013989
10013965
10013911
10013881
10013865
10013861
10013859
10013857
10013855
10013751
10013701
10013701
10013701
10013701
10013701
10013701
10013701
10013701
10013701
10013701
10013689
10013687
10013683
10013645
10013579
10013577
10013385
10013381
10013379
10013351
10013283
10013229
10013225
10012999
10012885
10012867
10012861
10012115
10012113
10011985
10011985
10011985
10011985
10011863
10011841
10011701
10011701
10011701
10011701
10011701
10011701
10008237
10007191
10006377
10006361
10006361
10006361
10006361
10006361
10006361
10006351
10006287
10006233
10006233
10006231
10006231
10006221
10006217
10006215
10006213
10006213
10006207
10006207
10006205
10006205
10006199
10006199
10006199
10006199
10006187
10006187
10006187
10006187
10006187
10006187
10006187
10006177
10006171
10006171
10006149
10006141
10006137
10006135
10006135
10006131
10006109
10006109
10006109
10006109
10006097
10006081
10006081
10006081
10006081
10006081
10006081
10006081
10006081
10006081
10006081
10006081
10006081
10006081
10006081
10006077
10005766
10005712
10005665
10005661
10005661
10005661
10005661
10005661
10005546
10005522
10005486
10005486
10005461
10005405
10005405
10005405
10005369
10005369
10005369
10005369
10005369
10005369
10005369
10005369
10005369
10005369
10005369
10005369
10005315
10005221
10005221
10005221
10005215
10005159
10005158
10005115
10004641
10004592
10004592
10004592
10004572
10004572
10004572
10004572
10004572
10004572
10004572
10004572
10004572
10004572
10004572
10004572
10004465
10004465
10004327
10004327
10004220
10004142
10004127
10004100
10004061
10004019
10004016
10004005
10003983
10003972
10003964
10003931
10002769
10002768
10002768
10002768
10002768
10002768
10002767
10002766
10002766
10002744
10002742
10002741
10002736
10002735
10002734
10002665
10002641
10002608
10002605
10002561
10002538
10002536
10002497
10002389
10002387
10002384
10002345
10002074
10002063
10002063
10002042
10002040
10002040
10002039
10002038
10002037
10002034
10002029
10002012
10001962
10001960
10001958
10001956
10001952
10001934
10001913
10001911
10001909
10001907
10001907
10001904
10001903
10001903
10001899
10001895
10001891
10001888
10001888
10001888
10001888
10001888
10001883
10001872
10001865
10001865
10001865
10001865
10001853
10001846
10001840
10001804
10001804
10001804
10001798
10001796
10001796
10000363
10000363
10000363
10000363
10000347
10000323
10000323
10000323
10000319
10000319
10000319
10000319
10000319
10000312
10000280
10000280
10000280
10000280
10000230
10000168
10000068
10000068
10000068
10000068
10000068
10000068
10000068
10000068
10000068
10000068
10000068
10000068
10000068
10000068
10000068
10000068
10000068
10000068
10000052
10000052
10000052
10000052
10000027
10000025
10000025
10000025
10000025
10000025
10000025
10000025
10000025
10000025
10000025
10000025
10000025
10000024
10000024
10000024
10000024
10000024
10000024
10000024
10000024
10000024
10000023
10000023
10000023
10000023
10000023
10000023
10000023
10000023
10000023
10000023
10000021
10000021
10000021
10000021
10000021
10000021
10000021
10000021
10000021
10000021
10000021
10000021
10000021
10000021
10000021
10000021
10000018
10000018
10000018
10000018
10000018
10000018
10000018
10000018
10000018
10000018
10000018
10000017
10000017
10000017
10000017
10000017
10000017
10000013
10000013
10000013
10000013
10000013
10000009
10000009
10000009
10000009
10000009
10000009
10000008
10000008
10000008
10000008
10000008
10000008
10000000
9999994
9999977
9999938
9999938
9999938
9999938
9999938
9999938
9999938
9999938
9999938
9999938
9999938
9999938
9999938
9999938
9999938
9999938
9999938
9999938
9999938
9999938
9999938
9999938
9999938
9999938
9999938
9999938
9999938
9999938
9999938
9999938
9999938
9999938
9999938
9999938
9999938
9999938
9999938
9999938
9999938
9999938
9999938
9999938
9999938
9999938
9999938
9999938
9999938
9999938
9999936
112948
112473
112473
112473
112473
112473
112473
112473
112473
107466
107339
107265
107100
107089
107053
106998
106964
106954
106931
106916
106770
106256
106234
106179
106135
106130
106119
106117
106059
106058
106033
106011
106004
105997
105993
105992
105982
105977
105952
105947
105938
105924
105923
105922
105912
105764
105753
105700
105693
105662
105631
105630
105614
105612
105603
105588
105572
105563
105558
105552
105549
105547
105545
105537
105536
105534
105533
105515
105508
105485
105469
105467
105464
105460
105459
105454
105447
105446
105440
105428
105418
105163
105162
105159
105143
105136
105132
105122
105113
105100
105061
105037
105036
105028
105017
105013
105009
104992
104985
104984
104980
104970
104967
104963
104940
104935
104933
104916
104915
104900
104881
104873
104863
104499
104479
104477
104456
104440
104423
104393
104390
104385
104379
104374
104371
104347
104337
104336
104327
104293
104288
104273
104272
104233
104231
104217
104214
104209
104200
104189
104183
104182
104179
104178
104175
104171
104165
104161
104151
104140
104116
104091
104087
104085
104068
104066
104043
104031
104029
104014
104004
103991
103984
103973
103972
103959
103378
103374
103365
103360
103356
103352
103347
103345
103317
103313
103304
103297
103288
103286
103281
103278
103271
103261
103258
103257
103253
103249
103248
103243
103238
103231
103219
103215
103214
103213
103204
103203
103202
103193
103186
103185
103174
103171
103167
103158
103157
103150
103149
103147
103146
103126
103117
103113
102571
102559
102543
102540
102536
102523
102513
102496
102490
102474
102459
102453
102414
102408
102406
102400
102369
102356
102355
102331
102325
102311
102307
102299
102298
102290
102273
102271
102269
102259
102242
102239
102236
102235
102226
102219
102218
102215
102214
102210
102206
102195
102190
102188
102161
102158
102157
102152
102150
102148
102145
102113
102112
102098
101759
101722
101713
101712
101703
101700
101680
101647
101639
101636
101620
101618
101612
101611
101610
101607
101599
101593
101589
101588
101580
101578
101577
101576
101564
101549
101535
101534
101532
101521
101519
101512
101506
101502
101497
101486
101470
101438
101428
101414
101248
101237
101205
101188
101184
101152
101143
101119
101063
101049
101048
101023
101018
101017
101014
101002
101000
100986
100983
100969
100961
100944
100928
100920
100911
100910
100908
100903
100900
100879
100874
100856
100852
100851
100842
100834
100830
100825
100818
100813
100811
100798
100777
100774
100773
100766
100760
100729
99205
99185
99177
99171
99140
99137
99135
99131
99127
99122
99121
99098
99091
99075
99069
99059
99055
99039
99037
99036
99034
99032
99029
99025
99021
99020
99019
99013
99009
99008
99003
99000
98989
98987
98983
98980
98975
98957
98944
98942
98932
98929
98928
98922
98914
98904
98901
98897
98886
98875
98674
98622
98608
98561
98507
98505
98492
98486
98485
98481
98470
98467
98459
98456
98454
98452
98446
98445
98441
98439
98437
98420
98414
98410
98409
98408
98406
98399
98397
98395
98394
98393
98387
98377
98373
98372
98370
98360
98342
98336
98335
98331
98326
98325
98314
98313
98306
98305
98298
98286
98285
98275
98271
98257
98246
98075
98028
98003
97917
97915
97908
97886
97873
97867
97856
97853
97833
97808
97805
97795
97776
97739
97735
97726
97723
97711
97707
97700
97682
97679
97678
97675
97672
97669
97665
97658
97657
97655
97636
97635
97634
97628
97626
97617
97599
97597
97594
97592
97590
97584
97573
97571
97559
97556
97554
97550
97549
97541
97533
97531
97530
97526
97523
97521
97489
97301
97281
97250
97233
97225
97211
97205
97200
97185
97183
97181
97175
97162
97161
97159
97157
97155
97142
97138
97132
97131
97130
97129
97125
97120
97115
97103
97096
97095
97082
97070
97069
97066
97061
97056
97052
97047
97046
97044
97043
97039
97037
97029
97020
97016
97014
97013
97011
97003
96999
96996
96991
96990
96986
96981
96978
96976
96973
96968
96958
96954
96951
96950
96947
96940
96934
96932
96931
96927
96919
96904
96886
96877
96875
96869
96865
96863
96851
96841
96834
96529
96493
96471
96456
96455
96452
96424
96421
96414
96396
96384
96358
96346
96344
96337
96335
96299
96298
96293
96287
96275
96272
96269
96258
96256
96253
96252
96251
96247
96244
96222
96217
96216
96214
96211
96197
96178
96175
96170
96165
96162
96160
96158
96155
96154
96153
96145
96132
96129
96126
96104
96094
96077
96071
96062
96051
96046
96038
96028
96021
95990
95216
95173
95159
95153
95145
95135
95125
95118
95101
95088
95084
95059
95055
95039
95037
95026
95023
95020
95019
95015
95011
95003
94997
94977
94974
94971
94968
94967
94966
94965
94963
94961
94958
94957
94949
94948
94946
94942
94934
94929
94922
94914
94909
94904
94897
94893
94890
94889
94887
94876
94872
94870
94855
94738
94725
94719
94712
94709
94691
94688
94671
94651
94631
94624
94622
94537
94521
94517
94514
94505
94502
94497
94493
94487
94483
94480
94474
94471
94467
94464
94458
94448
94447
94444
94443
94442
94434
94428
94425
94424
94416
94411
94410
94409
94408
94404
94403
94400
94398
94392
94390
94389
94387
94383
94382
94379
94375
94373
94372
94370
94364
94358
94348
94343
94332
94331
94329
94326
94323
94302
94296
94150
94147
94132
94122
94085
94083
94075
94071
94059
94056
94051
94050
94048
94042
94008
94007
94004
93996
93993
93989
93988
93986
93984
93964
93963
93957
93956
93952
93951
93948
93947
93938
93925
93922
93915
93914
93910
93905
93902
93891
93883
93879
93878
93875
93869
93868
93863
93860
93859
93856
93852
93843
93838
93837
93834
93822
93814
93808
93804
93800
93798
93794
93787
93782
93562
93558
93543
93521
93516
93512
93491
93489
93488
93485
93471
93458
93450
93447
93440
93434
93424
93420
93415
93401
93394
93389
93382
93379
93375
93372
93371
93370
93369
93368
93366
93364
93362
93357
93352
93351
93347
93346
93344
93338
93330
93329
93321
93318
93317
93313
93312
93308
93303
93294
93293
93292
93290
93285
93281
93278
93273
93264
93261
93257
93256
93254
93249
93236
93232
93231
93230
93228
93223
93221
93218
93212
93210
93205
93203
93200
93198
93197
93196
93188
93186
93181
93162
93155
92971
92931
92928
92912
92900
92891
92864
92848
92827
92825
92821
92806
92805
92785
92774
92773
92770
92768
92763
92756
92751
92742
92741
92721
92715
92714
92712
92709
92707
92700
92691
92689
92682
92680
92659
92658
92657
92656
92653
92649
92645
92643
92642
92641
92639
92630
92619
92608
92605
92593
92588
91154
91136
91106
91096
91080
91078
91070
91036
91028
91018
91001
90995
90986
90983
90968
90966
90960
90958
90949
90944
90935
90923
90881
90873
90862
90812
90809
90808
90807
90805
90803
90801
90792
90784
90779
90778
90773
90771
90767
90762
90755
90753
90746
90741
90740
90737
90733
90732
90730
90727
90726
90719
90717
90710
90581
90574
90550
90548
90542
90520
90516
90514
90509
90505
90497
90491
90488
90474
90471
90469
90466
90456
90436
90435
90426
90425
90424
90418
90414
90405
90396
90392
90391
90389
90381
90379
90377
90375
90372
90368
90365
90364
90362
90348
90346
90341
90339
90338
90334
90326
90323
90318
90311
90301
90295
90290
90277
90271
90270
90268
90259
90249
90248
90092
90046
90019
90007
89969
89967
89959
89958
89955
89951
89939
89931
89924
89920
89910
89909
89908
89905
89903
89899
89894
89893
89890
89888
89887
89886
89884
89882
89876
89872
89870
89867
89861
89851
89847
89840
89836
89835
89826
89820
89812
89809
89802
89794
89792
89790
89779
89778
89601
89566
89561
89543
89524
89519
89516
89509
89495
89484
89480
89470
89453
89448
89438
89435
89433
89400
89399
89393
89376
89375
89361
89342
89340
89337
89329
89319
89318
89311
89304
89288
89287
89277
89275
89271
89268
89265
89261
89248
89246
89242
89236
89233
89226
89213
89201
89198
89193
89191
89181
89171
89170
89165
89163
89161
88856
88809
88799
88778
88763
88759
88697
88591
88590
88581
88579
88572
88565
88564
88562
88560
88557
88545
88543
88541
88526
88525
88516
88512
88504
88499
88498
88487
88483
88476
88465
88450
88414
88397
86476
86471
86466
86447
86446
86437
86434
86429
86421
86417
86413
86406
86397
86396
86393
86391
86387
86385
86377
86367
86366
86364
86362
86357
86349
86333
86332
86331
86328
86326
86324
86322
86319
86318
86317
86313
86312
86309
86306
86304
86300
86294
86293
86289
86288
86286
86269
86200
86184
86178
86176
86166
86159
86149
86127
86119
86113
86107
86095
86064
86058
86049
86041
86026
86024
86022
86010
86009
85990
85987
85984
85982
85978
85971
85961
85947
85944
85935
85926
85905
85902
85899
85892
85891
85888
85886
85883
85876
85872
85870
85708
85692
85682
85674
85664
85662
85658
85626
85622
85619
85600
85584
85581
85580
85578
85577
85574
85573
85569
85566
85565
85560
85556
85555
85554
85550
85547
85544
85527
85523
85516
85510
85509
85508
85504
85473
85471
85450
85443
85438
85434
85309
85306
85292
85287
85282
85276
85273
85264
85259
85238
85232
85223
85214
85211
85205
85203
85191
85188
85180
85177
85173
85166
85158
85152
85149
85142
85141
85133
85132
85128
85124
85101
85098
85095
85086
85080
85074
85071
85068
85063
85062
85061
85057
84942
84924
84919
84891
84873
84871
84862
84847
84836
84827
84800
84787
84785
84780
84773
84770
84768
84763
84744
84743
84740
84738
84721
84710
84708
84705
84697
84695
84691
84677
84662
84633
84621
83854
83835
83824
83777
83776
83761
83723
83715
83709
83708
83705
83701
83699
83692
83683
83680
83671
83666
83658
83653
83648
83640
83639
83630
83626
83625
83619
83616
83610
83607
83598
83592
83585
83578
83493
83373
83360
83334
83329
83323
83311
83306
83298
83296
83292
83291
83286
83279
83273
83270
83267
83265
83264
83261
83260
83250
83245
83244
83237
83236
83227
83222
83219
83215
83212
83206
83205
83192
83191
83183
83180
83172
83170
83161
83151
83143
83142
83130
83126
83119
83000
82996
82954
82948
82929
82905
82904
82887
82875
82872
82853
82852
82848
82841
82836
82834
82833
82827
82819
82816
82812
82794
82791
82788
82779
82775
82770
82751
82739
82738
82734
82725
82717
82714
82708
82696
82694
82686
82685
82670
82506
82499
82497
82467
82437
82436
82426
82422
82412
82411
82409
82406
82405
82397
82394
82389
82387
82375
82372
82362
82357
82352
82351
82342
82341
82328
82316
82309
82308
82306
82297
82296
82282
82276
82256
82246
82240
82100
82056
82040
81999
81986
81958
81954
81953
81945
81937
81917
81909
81903
81897
81892
81889
81875
81872
81870
81866
81861
81860
81812
81807
81802
81794
81791
81784
81771
81766
81761
81204
81142
81123
81102
81061
81025
80993
80992
80987
80978
80962
80953
80935
80923
80918
80911
80905
80904
80897
80895
80892
80891
80888
80887
80882
80871
80870
80860
80855
80837
80826
80807
80805
80797
80778
80760
80499
80476
80454
80445
80406
80405
80393
80370
80349
80346
80342
80340
80324
80322
80307
80305
80289
80287
80277
80241
80221
80040
80032
80019
80014
80001
79999
79980
79972
79965
79961
79942
79937
79934
79931
79920
79911
79898
79897
79896
79879
79873
79872
79871
79868
79859
79851
79846
79844
79837
79833
79826
79773
79752
79469
79452
79418
79408
79368
79363
79315
79312
79299
79288
79278
79274
79267
79262
79256
79249
79234
79230
79228
79224
79221
79195
79183
79180
79172
79167
79147
79144
79143
79136
79135
79123
78872
78845
78844
78811
78799
78780
78771
78762
78721
78699
78683
78663
78658
78653
78641
78597
78595
78580
78575
78571
78567
78562
78560
78555
78549
78539
78526
77814
77770
77698
77693
77681
77677
77674
77673
77668
77666
77659
77656
77655
77649
77648
77637
77635
77630
77614
77609
77607
77606
77597
77593
77585
77577
77576
77569
77561
77557
77553
77549
77545
77544
77439
77434
77429
77387
77352
77343
77310
77304
77303
77299
77298
77297
77293
77292
77281
77274
77264
77254
77249
77243
77238
77234
77233
77214
77202
77195
77187
77175
77169
77089
77087
77080
77059
77053
77038
77036
77027
77021
77016
77004
77001
76993
76989
76981
76980
76974
76968
76963
76960
76951
76948
76947
76940
76924
76923
76921
76911
76908
76906
76903
76898
76887
76885
76878
76872
76792
76784
76770
76767
76761
76751
76746
76734
76716
76709
76704
76693
76685
76684
76675
76673
76672
76670
76666
76656
76646
76641
76640
76638
76624
76618
76616
76615
76606
76605
76604
76600
76592
76589
76586
76571
76567
76555
76452
76401
76393
76382
76379
76376
76365
76360
76350
76347
76330
76322
76321
76320
76316
76314
76311
76305
76302
76301
76300
76295
76294
76289
76288
76283
76265
76253
76246
76066
75291
75273
75261
75258
75247
75245
75240
75235
75225
75217
75213
75207
75205
75203
75200
75199
75198
75193
75191
75156
75153
75146
75138
75137
75133
75124
75113
75101
75097
75044
74967
74953
74951
74947
74934
74920
74918
74915
74911
74907
74905
74898
74897
74888
74884
74875
74865
74862
74854
74848
74845
74837
74835
74833
74827
74825
74815
74809
74799
74739
74701
74694
74683
74669
74646
74623
74620
74619
74603
74586
74583
74581
74579
74562
74555
74546
74545
74542
74529
74528
74526
74517
74515
74507
74453
74448
74405
74399
74377
74368
74367
74359
74353
74345
74335
74315
74305
74294
74285
74283
74278
74277
74273
74265
74261
74260
74255
74247
74245
74244
74242
74237
74236
74229
74228
74221
74219
74218
74205
74203
74196
74064
74040
74030
74007
74005
73955
73935
73921
73905
73904
73896
73889
73882
73871
73869
73868
73867
73865
73863
73853
73840
73836
73829
73822
73813
73806
73803
73801
73795
73753
73078
73068
73044
73029
73025
73023
73008
73002
73001
72996
72991
72989
72980
72973
72962
72956
72947
72942
72928
72923
72915
72913
72912
72909
72905
72903
72825
72809
72769
72768
72744
72736
72735
72727
72712
72699
72696
72687
72685
72673
72666
72643
72632
72631
72625
72617
72615
72609
72596
72590
72588
72581
72571
72456
72369
72343
72341
72340
72337
72328
72312
72294
72291
72282
72269
72256
72253
72251
72212
72209
72197
72194
72185
72182
72171
72153
72140
72136
72134
72121
72119
71524
71468
71452
71451
71442
71433
71427
71422
71420
71412
71409
71407
71388
71385
71383
71382
71381
71360
71052
71023
71022
71008
71002
70981
70979
70972
70965
70960
70957
70949
70946
70933
70925
70917
70903
70902
70892
70888
70886
70883
70880
70869
70867
70865
70853
70845
70841
70275
70231
70171
70168
70160
70153
70149
70146
70136
70130
70126
70124
70113
70105
70104
70102
70097
70079
69811
69787
69705
69441
69438
69436
69426
69419
69418
69409
69408
69406
69404
69401
69377
69369
69363
69361
69358
69356
69349
69348
69341
69323
69075
69066
69047
69015
69014
69001
68998
68993
68940
68919
68916
68907
68904
68898
68893
68886
68884
68870
68868
68852
68850
68841
68835
68810
68800
68798
68387
68374
68367
68364
68353
68351
68349
68334
68323
68278
68213
68188
68182
68155
68142
68129
68044
66842
66674
66662
66647
66615
66581
66575
66376
66368
66309
66255
66128
66115
66093
66089
65973
65951
65943
65942
65935
65934
65919
65737
65701
65619
65559
65551
65541
65530
65524
65510
65486
65449
65447
65430
65424
65417
65412
65382
65381
65334
65321
65320
65308
65304
65298
64837
64756
64753
64751
64746
64709
64700
64691
64682
64680
64674
64666
64665
64657
64655
64643
64638
64631
64615
64609
64608
64599
64598
64590
64588
64585
64576
64563
64562
64539
64529
64527
64516
64185
64178
64172
64163
64162
64155
64124
64109
64104
64100
64083
64078
64076
64069
64066
64064
64062
64060
64053
64036
64033
64025
64022
64019
64018
63999
63980
63979
63896
62773
62738
62713
62694
62685
62659
62656
62612
62608
62591
62397
62385
62373
62362
62310
62257
62217
62210
62207
62203
62168
62162
62112
62099
62085
61838
61799
61694
61689
61688
61679
61676
61673
61672
61671
61670
61658
61655
61626
61515
61504
61491
61434
61424
61416
61411
61409
61406
61399
61398
61396
61386
61376
61370
61263
61228
61222
61218
61189
61183
61182
61176
61172
61170
61168
61150
61148
61145
61133
61132
61130
61126
61115
61114
61112
61111
61109
61050
60806
60798
60794
60748
60744
60738
60731
60726
60723
60718
60710
60693
60687
60673
60670
60667
60666
60665
60660
60635
60633
60627
60625
60619
60608
60605
60601
60420
60417
60414
60402
60401
60388
60387
60347
60320
60319
60310
60298
60271
60267
60260
60258
60257
60251
60246
60245
60236
60229
60224
60217
60214
60207
60206
60198
60192
60187
60177
60019
59969
59958
59931
59927
59925
59923
59914
59909
59907
59894
59892
59889
59885
59883
59874
59868
59863
59852
59846
59845
59843
59842
59839
59830
59819
59807
59806
59803
59800
59798
59794
59786
59698
59677
59609
59606
59582
59572
59558
59557
59543
59540
59538
59529
59510
59491
59489
59480
59479
59469
59465
59464
59463
59462
59461
59459
59445
59444
59439
59438
59436
59313
59307
59302
59301
59285
59281
59279
59270
59249
59241
59218
59196
59184
59154
59147
59146
59145
59144
59142
59135
59134
59129
59126
59122
59116
59098
59092
59073
57573
57461
57457
57453
57452
57445
57394
57385
57381
57366
57345
57337
57321
57306
57299
57297
57290
57284
57276
57272
57267
57260
57257
57255
57249
57248
57247
57243
57231
57218
57215
57205
57202
57200
57189
57182
57148
57147
57126
56970
56955
56920
56880
56860
56846
56813
56812
56782
56771
56759
56746
56742
56735
56716
56690
56597
56577
56549
56530
56518
56488
56483
56476
56473
56459
56455
56442
56435
56416
56415
56361
56360
56328
56311
56309
56215
56117
56047
56006
55985
55983
55925
55924
55919
55912
55418
55401
55067
55053
54352
54110
54076
53911
53796
53140
52825
52742
52572
52361
52196
52115
51733
51168
50668
50134
50108
49349
48739
48518
48390
48227
47995
47817
46099
45723
45721
44768
42697
42211
42093
30411
29727
29692
26911
24711
22856
22604
22488
21138
20183
19961
19691
19567
19451
19354
19250
19195
18989
18662
18481
18281
16253
10724
10721
10561
9660
9623
9577
9550
9039
8310
7518
6496
3113
239
51
51
51
51
51
51
51
51
51
51
51
51
51
51
45
45
45
45
45
45
45
45
45
45